0 - MAX
100 58
200 108
300 158
400 211
500 259
600 308
700 357
800 406
900 458
1000 503
1100 570
1200 613
1300 664
1400 726
1500 779
1600 841
1700 878
1800 932
1900 989
2000 1034
2100 1066
2200 1123
2300 1167
2400 1235
2500 1253
2600 1325
2700 1379
2800 1405
2900 1471
3000 1546
3100 1558
3200 1631
3300 1664
3400 1720
3500 1808
3600 1822
3700 1881
3800 1908
3900 2017
4000 2010
4100 2090
4200 2103
4300 2164
4400 2225
4500 2268
4600 2315
4700 2393
4800 2402
4900 2457
5000 2539
5100 2577
5200 2641
5300 2730
5400 2724
5500 2809
5600 2814
5700 2871
5800 2924
5900 3002
6000 3009
6100 3057
6200 3132
6300 3160
6400 3243
6500 3280
6600 3339
6700 3402
6800 3419
6900 3497
7000 3504
7100 3554
7200 3669
7300 3666
7400 3769
7500 3776
7600 3841
7700 3867
7800 3953
7900 3986
8000 4062
8100 4065
8200 4174
8300 4189
8400 4224
8500 4291
8600 4363
8700 4378
8800 4452
8900 4457
9000 4566
9100 4575
9200 4604
9300 4711
9400 4709
9500 4813
9600 4821
9700 4928
9800 4906
9900 4961
10000 5081
