0 - MAX
100 12
200 15
300 17
400 18
500 19
600 21
700 22
800 24
900 23
1000 22
1100 24
1200 27
1300 26
1400 30
1500 27
1600 30
1700 28
1800 33
1900 32
2000 33
2100 32
2200 30
2300 35
2400 40
2500 34
2600 37
2700 36
2800 34
2900 37
3000 34
3100 38
3200 39
3300 39
3400 42
3500 41
3600 41
3700 42
3800 44
3900 45
4000 48
4100 45
4200 45
4300 42
4400 53
4500 49
4600 49
4700 52
4800 52
4900 46
5000 52
5100 52
5200 55
5300 51
5400 54
5500 49
5600 53
5700 57
5800 61
5900 55
6000 53
6100 58
6200 60
6300 58
6400 66
6500 63
6600 64
6700 66
6800 68
6900 70
7000 61
7100 60
7200 62
7300 69
7400 62
7500 64
7600 67
7700 66
7800 69
7900 69
8000 65
8100 68
8200 67
8300 69
8400 73
8500 76
8600 75
8700 75
8800 73
8900 80
9000 71
9100 73
9200 80
9300 78
9400 81
9500 85
9600 82
9700 82
9800 77
9900 78
10000 81
