0 - MAX
100 11
200 15
300 16
400 19
500 21
600 20
700 20
800 23
900 20
1000 22
1100 22
1200 20
1300 23
1400 25
1500 22
1600 25
1700 25
1800 24
1900 25
2000 23
2100 28
2200 22
2300 26
2400 26
2500 24
2600 25
2700 26
2800 25
2900 28
3000 28
3100 25
3200 26
3300 27
3400 29
3500 24
3600 26
3700 27
3800 28
3900 27
4000 30
4100 28
4200 29
4300 26
4400 28
4500 28
4600 26
4700 27
4800 27
4900 29
5000 29
5100 27
5200 28
5300 27
5400 31
5500 29
5600 27
5700 26
5800 27
5900 27
6000 31
6100 33
6200 29
6300 27
6400 35
6500 29
6600 28
6700 32
6800 31
6900 30
7000 30
7100 30
7200 27
7300 35
7400 30
7500 29
7600 30
7700 29
7800 27
7900 30
8000 33
8100 28
8200 33
8300 28
8400 34
8500 29
8600 27
8700 32
8800 32
8900 35
9000 32
9100 29
9200 29
9300 37
9400 32
9500 29
9600 32
9700 30
9800 32
9900 31
10000 38
